# 20/20 iterations complete ✅ (75439.97s)
# Results saved to D:\SAI\Projects\vehicle_damage_detection\runs\detect\tune
# Best fitness=0.41427 observed at iteration 20
# Best fitness metrics are {'metrics/precision(B)': 0.5919, 'metrics/recall(B)': 0.56217, 'metrics/mAP50(B)': 0.57045, 'metrics/mAP50-95(B)': 0.41427, 'val/box_loss': 1.08459, 'val/cls_loss': 1.74677, 'val/dfl_loss': 1.60279, 'fitness': 0.41427}
# Best fitness model is D:\SAI\Projects\vehicle_damage_detection\runs\detect\train9
lr0: 0.00342
lrf: 0.01146
momentum: 0.86404
weight_decay: 0.00024
warmup_epochs: 3.66601
warmup_momentum: 0.52076
box: 5.9784
cls: 0.54084
dfl: 1.57168
hsv_h: 0.0
hsv_s: 0.88134
hsv_v: 0.55633
degrees: 0.00454
translate: 0.12484
scale: 0.61734
shear: 0.00125
perspective: 0.00015
flipud: 0.00166
fliplr: 0.61695
bgr: 0.00466
mosaic: 0.96805
mixup: 0.01171
cutmix: 0.0026
copy_paste: 0.00502
close_mosaic: 7
